x              =  0.999000E+00
aSin(x)        =  0.152605E+01
Fortran aSin(x)=  0.152607E+01
Error          = -0.175238E-04

